13 13 13 13 13 13 13 13 13 13 13 13 13 13 13 13 13 13 13 13 13 13 13 13 13 13 13 13 13 13 13 13 13 13 13
13 13 13 13 13 13 13 13 13 13 13 13 13 13 13 13 13 13 13 13 13 13 13 13 13 13 13 13 13 13 13 13 13 13 13
13 13 13 13 13 13 13 13 13 13 13 13 13 13 13 13 13 13 13 13 13 13 13 13 13 13 13 13 13 13 13 13 13 13 13
13 13 13 13 13 13 13 13 13 13 13 13 13 13 13 13 13 13 13 13 13 13 13 13 13 13 13 13 13 13 13 13 13 13 13
13 13 13 13 5 25 25 25 25 25 25 25 25 25 6 13 13 13 13 13 13 5 25 25 25 25 25 25 25 25 25 6 13 13 13
13 13 13 13 14 49 50 50 50 50 50 50 50 51 12 13 13 13 13 13 13 14 49 50 76 85 85 77 50 50 51 12 13 13 13
13 13 13 13 14 60 61 61 61 53 73 54 61 62 12 13 13 13 13 13 13 14 60 61 62 37 36 60 61 61 62 12 13 13 13
13 13 13 13 14 60 61 61 61 62 4 60 61 62 12 13 13 13 13 13 13 14 60 61 64 51 15 60 61 61 62 12 13 13 13
13 13 13 13 14 60 61 61 53 74 15 72 73 74 12 13 13 13 13 13 13 14 60 61 61 62 15 72 73 73 74 12 13 13 13
13 13 13 13 14 72 73 73 74 1 8 2 2 2 17 13 13 13 13 13 13 14 72 73 73 74 42 2 2 2 2 17 13 13 13
13 13 13 13 16 2 2 2 2 17 13 13 13 13 13 13 13 13 13 13 13 16 2 2 2 2 17 13 13 13 13 13 13 13 13
13 13 13 13 13 13 13 13 13 13 13 13 13 13 13 13 13 13 13 13 13 13 13 13 13 13 13 13 13 13 13 13 13 13 13
13 13 13 13 13 13 13 13 13 13 13 13 13 13 13 13 13 13 13 13 13 13 13 13 13 13 13 13 13 13 13 13 13 13 13
13 13 13 13 13 13 13 13 13 13 13 13 13 13 13 13 13 13 13 13 13 13 13 13 13 13 13 13 13 13 13 13 13 13 13
13 13 13 13 13 13 13 13 13 13 13 13 13 13 13 13 13 13 13 13 13 13 13 13 13 13 13 13 13 13 13 13 13 13 13
13 13 13 13 5 25 25 25 18 25 25 25 25 25 25 18 25 25 18 25 18 25 25 13 13 13 13 13 13 13 13 13 13 13 13
13 13 13 13 14 49 50 51 15 49 50 50 50 50 51 15 49 51 28 52 28 49 50 13 13 13 13 13 13 13 13 13 13 13 13
13 13 13 13 14 60 61 62 15 60 61 61 61 61 62 28 78 88 80 93 80 89 54 13 13 13 13 13 13 13 13 13 13 13 13
13 13 13 13 14 60 61 62 28 60 61 61 61 61 67 85 81 27 63 27 63 27 60 13 13 13 13 13 13 13 13 13 13 13 13
13 13 13 13 14 60 61 64 50 65 61 61 61 61 62 4 90 76 93 80 93 77 65 13 13 13 13 13 13 13 13 13 13 13 13
13 13 13 13 14 60 61 61 61 61 61 53 73 73 74 15 72 74 4 75 4 72 73 13 13 13 13 13 13 13 13 13 13 13 13
13 13 13 13 14 72 73 73 73 73 73 74 1 2 2 8 2 2 8 2 8 2 2 13 13 13 13 13 13 13 13 13 13 13 13
13 13 13 13 16 2 2 2 2 2 2 2 17 13 13 13 13 13 13 13 13 13 13 13 13 13 13 13 13 13 13 13 13 13 13
13 13 13 13 13 13 13 13 13 13 13 13 13 13 13 13 13 13 13 13 13 13 13 13 13 13 13 13 13 13 13 13 13 13 13
13 13 13 13 13 13 13 13 13 13 13 13 13 13 13 13 13 13 13 13 13 13 13 13 13 13 13 13 13 13 13 13 13 13 13
